# AQMEII4 LATLON NA File

gridtype = lonlat
gridsize = 158765
xsize = 565
ysize = 281

# Longitudes
xvals =
-129.937500
-129.812500
-129.687500
-129.562500
-129.437500
-129.312500
-129.187500
-129.062500
-128.937500
-128.812500
-128.687500
-128.562500
-128.437500
-128.312500
-128.187500
-128.062500
-127.937500
-127.812500
-127.687500
-127.562500
-127.437500
-127.312500
-127.187500
-127.062500
-126.937500
-126.812500
-126.687500
-126.562500
-126.437500
-126.312500
-126.187500
-126.062500
-125.937500
-125.812500
-125.687500
-125.562500
-125.437500
-125.312500
-125.187500
-125.062500
-124.937500
-124.812500
-124.687500
-124.562500
-124.437500
-124.312500
-124.187500
-124.062500
-123.937500
-123.812500
-123.687500
-123.562500
-123.437500
-123.312500
-123.187500
-123.062500
-122.937500
-122.812500
-122.687500
-122.562500
-122.437500
-122.312500
-122.187500
-122.062500
-121.937500
-121.812500
-121.687500
-121.562500
-121.437500
-121.312500
-121.187500
-121.062500
-120.937500
-120.812500
-120.687500
-120.562500
-120.437500
-120.312500
-120.187500
-120.062500
-119.937500
-119.812500
-119.687500
-119.562500
-119.437500
-119.312500
-119.187500
-119.062500
-118.937500
-118.812500
-118.687500
-118.562500
-118.437500
-118.312500
-118.187500
-118.062500
-117.937500
-117.812500
-117.687500
-117.562500
-117.437500
-117.312500
-117.187500
-117.062500
-116.937500
-116.812500
-116.687500
-116.562500
-116.437500
-116.312500
-116.187500
-116.062500
-115.937500
-115.812500
-115.687500
-115.562500
-115.437500
-115.312500
-115.187500
-115.062500
-114.937500
-114.812500
-114.687500
-114.562500
-114.437500
-114.312500
-114.187500
-114.062500
-113.937500
-113.812500
-113.687500
-113.562500
-113.437500
-113.312500
-113.187500
-113.062500
-112.937500
-112.812500
-112.687500
-112.562500
-112.437500
-112.312500
-112.187500
-112.062500
-111.937500
-111.812500
-111.687500
-111.562500
-111.437500
-111.312500
-111.187500
-111.062500
-110.937500
-110.812500
-110.687500
-110.562500
-110.437500
-110.312500
-110.187500
-110.062500
-109.937500
-109.812500
-109.687500
-109.562500
-109.437500
-109.312500
-109.187500
-109.062500
-108.937500
-108.812500
-108.687500
-108.562500
-108.437500
-108.312500
-108.187500
-108.062500
-107.937500
-107.812500
-107.687500
-107.562500
-107.437500
-107.312500
-107.187500
-107.062500
-106.937500
-106.812500
-106.687500
-106.562500
-106.437500
-106.312500
-106.187500
-106.062500
-105.937500
-105.812500
-105.687500
-105.562500
-105.437500
-105.312500
-105.187500
-105.062500
-104.937500
-104.812500
-104.687500
-104.562500
-104.437500
-104.312500
-104.187500
-104.062500
-103.937500
-103.812500
-103.687500
-103.562500
-103.437500
-103.312500
-103.187500
-103.062500
-102.937500
-102.812500
-102.687500
-102.562500
-102.437500
-102.312500
-102.187500
-102.062500
-101.937500
-101.812500
-101.687500
-101.562500
-101.437500
-101.312500
-101.187500
-101.062500
-100.937500
-100.812500
-100.687500
-100.562500
-100.437500
-100.312500
-100.187500
-100.062500
-99.937500
-99.812500
-99.687500
-99.562500
-99.437500
-99.312500
-99.187500
-99.062500
-98.937500
-98.812500
-98.687500
-98.562500
-98.437500
-98.312500
-98.187500
-98.062500
-97.937500
-97.812500
-97.687500
-97.562500
-97.437500
-97.312500
-97.187500
-97.062500
-96.937500
-96.812500
-96.687500
-96.562500
-96.437500
-96.312500
-96.187500
-96.062500
-95.937500
-95.812500
-95.687500
-95.562500
-95.437500
-95.312500
-95.187500
-95.062500
-94.937500
-94.812500
-94.687500
-94.562500
-94.437500
-94.312500
-94.187500
-94.062500
-93.937500
-93.812500
-93.687500
-93.562500
-93.437500
-93.312500
-93.187500
-93.062500
-92.937500
-92.812500
-92.687500
-92.562500
-92.437500
-92.312500
-92.187500
-92.062500
-91.937500
-91.812500
-91.687500
-91.562500
-91.437500
-91.312500
-91.187500
-91.062500
-90.937500
-90.812500
-90.687500
-90.562500
-90.437500
-90.312500
-90.187500
-90.062500
-89.937500
-89.812500
-89.687500
-89.562500
-89.437500
-89.312500
-89.187500
-89.062500
-88.937500
-88.812500
-88.687500
-88.562500
-88.437500
-88.312500
-88.187500
-88.062500
-87.937500
-87.812500
-87.687500
-87.562500
-87.437500
-87.312500
-87.187500
-87.062500
-86.937500
-86.812500
-86.687500
-86.562500
-86.437500
-86.312500
-86.187500
-86.062500
-85.937500
-85.812500
-85.687500
-85.562500
-85.437500
-85.312500
-85.187500
-85.062500
-84.937500
-84.812500
-84.687500
-84.562500
-84.437500
-84.312500
-84.187500
-84.062500
-83.937500
-83.812500
-83.687500
-83.562500
-83.437500
-83.312500
-83.187500
-83.062500
-82.937500
-82.812500
-82.687500
-82.562500
-82.437500
-82.312500
-82.187500
-82.062500
-81.937500
-81.812500
-81.687500
-81.562500
-81.437500
-81.312500
-81.187500
-81.062500
-80.937500
-80.812500
-80.687500
-80.562500
-80.437500
-80.312500
-80.187500
-80.062500
-79.937500
-79.812500
-79.687500
-79.562500
-79.437500
-79.312500
-79.187500
-79.062500
-78.937500
-78.812500
-78.687500
-78.562500
-78.437500
-78.312500
-78.187500
-78.062500
-77.937500
-77.812500
-77.687500
-77.562500
-77.437500
-77.312500
-77.187500
-77.062500
-76.937500
-76.812500
-76.687500
-76.562500
-76.437500
-76.312500
-76.187500
-76.062500
-75.937500
-75.812500
-75.687500
-75.562500
-75.437500
-75.312500
-75.187500
-75.062500
-74.937500
-74.812500
-74.687500
-74.562500
-74.437500
-74.312500
-74.187500
-74.062500
-73.937500
-73.812500
-73.687500
-73.562500
-73.437500
-73.312500
-73.187500
-73.062500
-72.937500
-72.812500
-72.687500
-72.562500
-72.437500
-72.312500
-72.187500
-72.062500
-71.937500
-71.812500
-71.687500
-71.562500
-71.437500
-71.312500
-71.187500
-71.062500
-70.937500
-70.812500
-70.687500
-70.562500
-70.437500
-70.312500
-70.187500
-70.062500
-69.937500
-69.812500
-69.687500
-69.562500
-69.437500
-69.312500
-69.187500
-69.062500
-68.937500
-68.812500
-68.687500
-68.562500
-68.437500
-68.312500
-68.187500
-68.062500
-67.937500
-67.812500
-67.687500
-67.562500
-67.437500
-67.312500
-67.187500
-67.062500
-66.937500
-66.812500
-66.687500
-66.562500
-66.437500
-66.312500
-66.187500
-66.062500
-65.937500
-65.812500
-65.687500
-65.562500
-65.437500
-65.312500
-65.187500
-65.062500
-64.937500
-64.812500
-64.687500
-64.562500
-64.437500
-64.312500
-64.187500
-64.062500
-63.937500
-63.812500
-63.687500
-63.562500
-63.437500
-63.312500
-63.187500
-63.062500
-62.937500
-62.812500
-62.687500
-62.562500
-62.437500
-62.312500
-62.187500
-62.062500
-61.937500
-61.812500
-61.687500
-61.562500
-61.437500
-61.312500
-61.187500
-61.062500
-60.937500
-60.812500
-60.687500
-60.562500
-60.437500
-60.312500
-60.187500
-60.062500
-59.937500
-59.812500
-59.687500
-59.562500
-59.437500

# Longitudes of cell corners
xbounds =
-130.000000 -129.875000
-129.875000 -129.750000
-129.750000 -129.625000
-129.625000 -129.500000
-129.500000 -129.375000
-129.375000 -129.250000
-129.250000 -129.125000
-129.125000 -129.000000
-129.000000 -128.875000
-128.875000 -128.750000
-128.750000 -128.625000
-128.625000 -128.500000
-128.500000 -128.375000
-128.375000 -128.250000
-128.250000 -128.125000
-128.125000 -128.000000
-128.000000 -127.875000
-127.875000 -127.750000
-127.750000 -127.625000
-127.625000 -127.500000
-127.500000 -127.375000
-127.375000 -127.250000
-127.250000 -127.125000
-127.125000 -127.000000
-127.000000 -126.875000
-126.875000 -126.750000
-126.750000 -126.625000
-126.625000 -126.500000
-126.500000 -126.375000
-126.375000 -126.250000
-126.250000 -126.125000
-126.125000 -126.000000
-126.000000 -125.875000
-125.875000 -125.750000
-125.750000 -125.625000
-125.625000 -125.500000
-125.500000 -125.375000
-125.375000 -125.250000
-125.250000 -125.125000
-125.125000 -125.000000
-125.000000 -124.875000
-124.875000 -124.750000
-124.750000 -124.625000
-124.625000 -124.500000
-124.500000 -124.375000
-124.375000 -124.250000
-124.250000 -124.125000
-124.125000 -124.000000
-124.000000 -123.875000
-123.875000 -123.750000
-123.750000 -123.625000
-123.625000 -123.500000
-123.500000 -123.375000
-123.375000 -123.250000
-123.250000 -123.125000
-123.125000 -123.000000
-123.000000 -122.875000
-122.875000 -122.750000
-122.750000 -122.625000
-122.625000 -122.500000
-122.500000 -122.375000
-122.375000 -122.250000
-122.250000 -122.125000
-122.125000 -122.000000
-122.000000 -121.875000
-121.875000 -121.750000
-121.750000 -121.625000
-121.625000 -121.500000
-121.500000 -121.375000
-121.375000 -121.250000
-121.250000 -121.125000
-121.125000 -121.000000
-121.000000 -120.875000
-120.875000 -120.750000
-120.750000 -120.625000
-120.625000 -120.500000
-120.500000 -120.375000
-120.375000 -120.250000
-120.250000 -120.125000
-120.125000 -120.000000
-120.000000 -119.875000
-119.875000 -119.750000
-119.750000 -119.625000
-119.625000 -119.500000
-119.500000 -119.375000
-119.375000 -119.250000
-119.250000 -119.125000
-119.125000 -119.000000
-119.000000 -118.875000
-118.875000 -118.750000
-118.750000 -118.625000
-118.625000 -118.500000
-118.500000 -118.375000
-118.375000 -118.250000
-118.250000 -118.125000
-118.125000 -118.000000
-118.000000 -117.875000
-117.875000 -117.750000
-117.750000 -117.625000
-117.625000 -117.500000
-117.500000 -117.375000
-117.375000 -117.250000
-117.250000 -117.125000
-117.125000 -117.000000
-117.000000 -116.875000
-116.875000 -116.750000
-116.750000 -116.625000
-116.625000 -116.500000
-116.500000 -116.375000
-116.375000 -116.250000
-116.250000 -116.125000
-116.125000 -116.000000
-116.000000 -115.875000
-115.875000 -115.750000
-115.750000 -115.625000
-115.625000 -115.500000
-115.500000 -115.375000
-115.375000 -115.250000
-115.250000 -115.125000
-115.125000 -115.000000
-115.000000 -114.875000
-114.875000 -114.750000
-114.750000 -114.625000
-114.625000 -114.500000
-114.500000 -114.375000
-114.375000 -114.250000
-114.250000 -114.125000
-114.125000 -114.000000
-114.000000 -113.875000
-113.875000 -113.750000
-113.750000 -113.625000
-113.625000 -113.500000
-113.500000 -113.375000
-113.375000 -113.250000
-113.250000 -113.125000
-113.125000 -113.000000
-113.000000 -112.875000
-112.875000 -112.750000
-112.750000 -112.625000
-112.625000 -112.500000
-112.500000 -112.375000
-112.375000 -112.250000
-112.250000 -112.125000
-112.125000 -112.000000
-112.000000 -111.875000
-111.875000 -111.750000
-111.750000 -111.625000
-111.625000 -111.500000
-111.500000 -111.375000
-111.375000 -111.250000
-111.250000 -111.125000
-111.125000 -111.000000
-111.000000 -110.875000
-110.875000 -110.750000
-110.750000 -110.625000
-110.625000 -110.500000
-110.500000 -110.375000
-110.375000 -110.250000
-110.250000 -110.125000
-110.125000 -110.000000
-110.000000 -109.875000
-109.875000 -109.750000
-109.750000 -109.625000
-109.625000 -109.500000
-109.500000 -109.375000
-109.375000 -109.250000
-109.250000 -109.125000
-109.125000 -109.000000
-109.000000 -108.875000
-108.875000 -108.750000
-108.750000 -108.625000
-108.625000 -108.500000
-108.500000 -108.375000
-108.375000 -108.250000
-108.250000 -108.125000
-108.125000 -108.000000
-108.000000 -107.875000
-107.875000 -107.750000
-107.750000 -107.625000
-107.625000 -107.500000
-107.500000 -107.375000
-107.375000 -107.250000
-107.250000 -107.125000
-107.125000 -107.000000
-107.000000 -106.875000
-106.875000 -106.750000
-106.750000 -106.625000
-106.625000 -106.500000
-106.500000 -106.375000
-106.375000 -106.250000
-106.250000 -106.125000
-106.125000 -106.000000
-106.000000 -105.875000
-105.875000 -105.750000
-105.750000 -105.625000
-105.625000 -105.500000
-105.500000 -105.375000
-105.375000 -105.250000
-105.250000 -105.125000
-105.125000 -105.000000
-105.000000 -104.875000
-104.875000 -104.750000
-104.750000 -104.625000
-104.625000 -104.500000
-104.500000 -104.375000
-104.375000 -104.250000
-104.250000 -104.125000
-104.125000 -104.000000
-104.000000 -103.875000
-103.875000 -103.750000
-103.750000 -103.625000
-103.625000 -103.500000
-103.500000 -103.375000
-103.375000 -103.250000
-103.250000 -103.125000
-103.125000 -103.000000
-103.000000 -102.875000
-102.875000 -102.750000
-102.750000 -102.625000
-102.625000 -102.500000
-102.500000 -102.375000
-102.375000 -102.250000
-102.250000 -102.125000
-102.125000 -102.000000
-102.000000 -101.875000
-101.875000 -101.750000
-101.750000 -101.625000
-101.625000 -101.500000
-101.500000 -101.375000
-101.375000 -101.250000
-101.250000 -101.125000
-101.125000 -101.000000
-101.000000 -100.875000
-100.875000 -100.750000
-100.750000 -100.625000
-100.625000 -100.500000
-100.500000 -100.375000
-100.375000 -100.250000
-100.250000 -100.125000
-100.125000 -100.000000
-100.000000 -99.875000
-99.875000 -99.750000
-99.750000 -99.625000
-99.625000 -99.500000
-99.500000 -99.375000
-99.375000 -99.250000
-99.250000 -99.125000
-99.125000 -99.000000
-99.000000 -98.875000
-98.875000 -98.750000
-98.750000 -98.625000
-98.625000 -98.500000
-98.500000 -98.375000
-98.375000 -98.250000
-98.250000 -98.125000
-98.125000 -98.000000
-98.000000 -97.875000
-97.875000 -97.750000
-97.750000 -97.625000
-97.625000 -97.500000
-97.500000 -97.375000
-97.375000 -97.250000
-97.250000 -97.125000
-97.125000 -97.000000
-97.000000 -96.875000
-96.875000 -96.750000
-96.750000 -96.625000
-96.625000 -96.500000
-96.500000 -96.375000
-96.375000 -96.250000
-96.250000 -96.125000
-96.125000 -96.000000
-96.000000 -95.875000
-95.875000 -95.750000
-95.750000 -95.625000
-95.625000 -95.500000
-95.500000 -95.375000
-95.375000 -95.250000
-95.250000 -95.125000
-95.125000 -95.000000
-95.000000 -94.875000
-94.875000 -94.750000
-94.750000 -94.625000
-94.625000 -94.500000
-94.500000 -94.375000
-94.375000 -94.250000
-94.250000 -94.125000
-94.125000 -94.000000
-94.000000 -93.875000
-93.875000 -93.750000
-93.750000 -93.625000
-93.625000 -93.500000
-93.500000 -93.375000
-93.375000 -93.250000
-93.250000 -93.125000
-93.125000 -93.000000
-93.000000 -92.875000
-92.875000 -92.750000
-92.750000 -92.625000
-92.625000 -92.500000
-92.500000 -92.375000
-92.375000 -92.250000
-92.250000 -92.125000
-92.125000 -92.000000
-92.000000 -91.875000
-91.875000 -91.750000
-91.750000 -91.625000
-91.625000 -91.500000
-91.500000 -91.375000
-91.375000 -91.250000
-91.250000 -91.125000
-91.125000 -91.000000
-91.000000 -90.875000
-90.875000 -90.750000
-90.750000 -90.625000
-90.625000 -90.500000
-90.500000 -90.375000
-90.375000 -90.250000
-90.250000 -90.125000
-90.125000 -90.000000
-90.000000 -89.875000
-89.875000 -89.750000
-89.750000 -89.625000
-89.625000 -89.500000
-89.500000 -89.375000
-89.375000 -89.250000
-89.250000 -89.125000
-89.125000 -89.000000
-89.000000 -88.875000
-88.875000 -88.750000
-88.750000 -88.625000
-88.625000 -88.500000
-88.500000 -88.375000
-88.375000 -88.250000
-88.250000 -88.125000
-88.125000 -88.000000
-88.000000 -87.875000
-87.875000 -87.750000
-87.750000 -87.625000
-87.625000 -87.500000
-87.500000 -87.375000
-87.375000 -87.250000
-87.250000 -87.125000
-87.125000 -87.000000
-87.000000 -86.875000
-86.875000 -86.750000
-86.750000 -86.625000
-86.625000 -86.500000
-86.500000 -86.375000
-86.375000 -86.250000
-86.250000 -86.125000
-86.125000 -86.000000
-86.000000 -85.875000
-85.875000 -85.750000
-85.750000 -85.625000
-85.625000 -85.500000
-85.500000 -85.375000
-85.375000 -85.250000
-85.250000 -85.125000
-85.125000 -85.000000
-85.000000 -84.875000
-84.875000 -84.750000
-84.750000 -84.625000
-84.625000 -84.500000
-84.500000 -84.375000
-84.375000 -84.250000
-84.250000 -84.125000
-84.125000 -84.000000
-84.000000 -83.875000
-83.875000 -83.750000
-83.750000 -83.625000
-83.625000 -83.500000
-83.500000 -83.375000
-83.375000 -83.250000
-83.250000 -83.125000
-83.125000 -83.000000
-83.000000 -82.875000
-82.875000 -82.750000
-82.750000 -82.625000
-82.625000 -82.500000
-82.500000 -82.375000
-82.375000 -82.250000
-82.250000 -82.125000
-82.125000 -82.000000
-82.000000 -81.875000
-81.875000 -81.750000
-81.750000 -81.625000
-81.625000 -81.500000
-81.500000 -81.375000
-81.375000 -81.250000
-81.250000 -81.125000
-81.125000 -81.000000
-81.000000 -80.875000
-80.875000 -80.750000
-80.750000 -80.625000
-80.625000 -80.500000
-80.500000 -80.375000
-80.375000 -80.250000
-80.250000 -80.125000
-80.125000 -80.000000
-80.000000 -79.875000
-79.875000 -79.750000
-79.750000 -79.625000
-79.625000 -79.500000
-79.500000 -79.375000
-79.375000 -79.250000
-79.250000 -79.125000
-79.125000 -79.000000
-79.000000 -78.875000
-78.875000 -78.750000
-78.750000 -78.625000
-78.625000 -78.500000
-78.500000 -78.375000
-78.375000 -78.250000
-78.250000 -78.125000
-78.125000 -78.000000
-78.000000 -77.875000
-77.875000 -77.750000
-77.750000 -77.625000
-77.625000 -77.500000
-77.500000 -77.375000
-77.375000 -77.250000
-77.250000 -77.125000
-77.125000 -77.000000
-77.000000 -76.875000
-76.875000 -76.750000
-76.750000 -76.625000
-76.625000 -76.500000
-76.500000 -76.375000
-76.375000 -76.250000
-76.250000 -76.125000
-76.125000 -76.000000
-76.000000 -75.875000
-75.875000 -75.750000
-75.750000 -75.625000
-75.625000 -75.500000
-75.500000 -75.375000
-75.375000 -75.250000
-75.250000 -75.125000
-75.125000 -75.000000
-75.000000 -74.875000
-74.875000 -74.750000
-74.750000 -74.625000
-74.625000 -74.500000
-74.500000 -74.375000
-74.375000 -74.250000
-74.250000 -74.125000
-74.125000 -74.000000
-74.000000 -73.875000
-73.875000 -73.750000
-73.750000 -73.625000
-73.625000 -73.500000
-73.500000 -73.375000
-73.375000 -73.250000
-73.250000 -73.125000
-73.125000 -73.000000
-73.000000 -72.875000
-72.875000 -72.750000
-72.750000 -72.625000
-72.625000 -72.500000
-72.500000 -72.375000
-72.375000 -72.250000
-72.250000 -72.125000
-72.125000 -72.000000
-72.000000 -71.875000
-71.875000 -71.750000
-71.750000 -71.625000
-71.625000 -71.500000
-71.500000 -71.375000
-71.375000 -71.250000
-71.250000 -71.125000
-71.125000 -71.000000
-71.000000 -70.875000
-70.875000 -70.750000
-70.750000 -70.625000
-70.625000 -70.500000
-70.500000 -70.375000
-70.375000 -70.250000
-70.250000 -70.125000
-70.125000 -70.000000
-70.000000 -69.875000
-69.875000 -69.750000
-69.750000 -69.625000
-69.625000 -69.500000
-69.500000 -69.375000
-69.375000 -69.250000
-69.250000 -69.125000
-69.125000 -69.000000
-69.000000 -68.875000
-68.875000 -68.750000
-68.750000 -68.625000
-68.625000 -68.500000
-68.500000 -68.375000
-68.375000 -68.250000
-68.250000 -68.125000
-68.125000 -68.000000
-68.000000 -67.875000
-67.875000 -67.750000
-67.750000 -67.625000
-67.625000 -67.500000
-67.500000 -67.375000
-67.375000 -67.250000
-67.250000 -67.125000
-67.125000 -67.000000
-67.000000 -66.875000
-66.875000 -66.750000
-66.750000 -66.625000
-66.625000 -66.500000
-66.500000 -66.375000
-66.375000 -66.250000
-66.250000 -66.125000
-66.125000 -66.000000
-66.000000 -65.875000
-65.875000 -65.750000
-65.750000 -65.625000
-65.625000 -65.500000
-65.500000 -65.375000
-65.375000 -65.250000
-65.250000 -65.125000
-65.125000 -65.000000
-65.000000 -64.875000
-64.875000 -64.750000
-64.750000 -64.625000
-64.625000 -64.500000
-64.500000 -64.375000
-64.375000 -64.250000
-64.250000 -64.125000
-64.125000 -64.000000
-64.000000 -63.875000
-63.875000 -63.750000
-63.750000 -63.625000
-63.625000 -63.500000
-63.500000 -63.375000
-63.375000 -63.250000
-63.250000 -63.125000
-63.125000 -63.000000
-63.000000 -62.875000
-62.875000 -62.750000
-62.750000 -62.625000
-62.625000 -62.500000
-62.500000 -62.375000
-62.375000 -62.250000
-62.250000 -62.125000
-62.125000 -62.000000
-62.000000 -61.875000
-61.875000 -61.750000
-61.750000 -61.625000
-61.625000 -61.500000
-61.500000 -61.375000
-61.375000 -61.250000
-61.250000 -61.125000
-61.125000 -61.000000
-61.000000 -60.875000
-60.875000 -60.750000
-60.750000 -60.625000
-60.625000 -60.500000
-60.500000 -60.375000
-60.375000 -60.250000
-60.250000 -60.125000
-60.125000 -60.000000
-60.000000 -59.875000
-59.875000 -59.750000
-59.750000 -59.625000
-59.625000 -59.500000
-59.500000 -59.375000

# Latitudes
yvals =
23.562500
23.687500
23.812500
23.937500
24.062500
24.187500
24.312500
24.437500
24.562500
24.687500
24.812500
24.937500
25.062500
25.187500
25.312500
25.437500
25.562500
25.687500
25.812500
25.937500
26.062500
26.187500
26.312500
26.437500
26.562500
26.687500
26.812500
26.937500
27.062500
27.187500
27.312500
27.437500
27.562500
27.687500
27.812500
27.937500
28.062500
28.187500
28.312500
28.437500
28.562500
28.687500
28.812500
28.937500
29.062500
29.187500
29.312500
29.437500
29.562500
29.687500
29.812500
29.937500
30.062500
30.187500
30.312500
30.437500
30.562500
30.687500
30.812500
30.937500
31.062500
31.187500
31.312500
31.437500
31.562500
31.687500
31.812500
31.937500
32.062500
32.187500
32.312500
32.437500
32.562500
32.687500
32.812500
32.937500
33.062500
33.187500
33.312500
33.437500
33.562500
33.687500
33.812500
33.937500
34.062500
34.187500
34.312500
34.437500
34.562500
34.687500
34.812500
34.937500
35.062500
35.187500
35.312500
35.437500
35.562500
35.687500
35.812500
35.937500
36.062500
36.187500
36.312500
36.437500
36.562500
36.687500
36.812500
36.937500
37.062500
37.187500
37.312500
37.437500
37.562500
37.687500
37.812500
37.937500
38.062500
38.187500
38.312500
38.437500
38.562500
38.687500
38.812500
38.937500
39.062500
39.187500
39.312500
39.437500
39.562500
39.687500
39.812500
39.937500
40.062500
40.187500
40.312500
40.437500
40.562500
40.687500
40.812500
40.937500
41.062500
41.187500
41.312500
41.437500
41.562500
41.687500
41.812500
41.937500
42.062500
42.187500
42.312500
42.437500
42.562500
42.687500
42.812500
42.937500
43.062500
43.187500
43.312500
43.437500
43.562500
43.687500
43.812500
43.937500
44.062500
44.187500
44.312500
44.437500
44.562500
44.687500
44.812500
44.937500
45.062500
45.187500
45.312500
45.437500
45.562500
45.687500
45.812500
45.937500
46.062500
46.187500
46.312500
46.437500
46.562500
46.687500
46.812500
46.937500
47.062500
47.187500
47.312500
47.437500
47.562500
47.687500
47.812500
47.937500
48.062500
48.187500
48.312500
48.437500
48.562500
48.687500
48.812500
48.937500
49.062500
49.187500
49.312500
49.437500
49.562500
49.687500
49.812500
49.937500
50.062500
50.187500
50.312500
50.437500
50.562500
50.687500
50.812500
50.937500
51.062500
51.187500
51.312500
51.437500
51.562500
51.687500
51.812500
51.937500
52.062500
52.187500
52.312500
52.437500
52.562500
52.687500
52.812500
52.937500
53.062500
53.187500
53.312500
53.437500
53.562500
53.687500
53.812500
53.937500
54.062500
54.187500
54.312500
54.437500
54.562500
54.687500
54.812500
54.937500
55.062500
55.187500
55.312500
55.437500
55.562500
55.687500
55.812500
55.937500
56.062500
56.187500
56.312500
56.437500
56.562500
56.687500
56.812500
56.937500
57.062500
57.187500
57.312500
57.437500
57.562500
57.687500
57.812500
57.937500
58.062500
58.187500
58.312500
58.437500
58.562500

# Latitudes of cell corners
ybounds =
23.500000 23.625000
23.625000 23.750000
23.750000 23.875000
23.875000 24.000000
24.000000 24.125000
24.125000 24.250000
24.250000 24.375000
24.375000 24.500000
24.500000 24.625000
24.625000 24.750000
24.750000 24.875000
24.875000 25.000000
25.000000 25.125000
25.125000 25.250000
25.250000 25.375000
25.375000 25.500000
25.500000 25.625000
25.625000 25.750000
25.750000 25.875000
25.875000 26.000000
26.000000 26.125000
26.125000 26.250000
26.250000 26.375000
26.375000 26.500000
26.500000 26.625000
26.625000 26.750000
26.750000 26.875000
26.875000 27.000000
27.000000 27.125000
27.125000 27.250000
27.250000 27.375000
27.375000 27.500000
27.500000 27.625000
27.625000 27.750000
27.750000 27.875000
27.875000 28.000000
28.000000 28.125000
28.125000 28.250000
28.250000 28.375000
28.375000 28.500000
28.500000 28.625000
28.625000 28.750000
28.750000 28.875000
28.875000 29.000000
29.000000 29.125000
29.125000 29.250000
29.250000 29.375000
29.375000 29.500000
29.500000 29.625000
29.625000 29.750000
29.750000 29.875000
29.875000 30.000000
30.000000 30.125000
30.125000 30.250000
30.250000 30.375000
30.375000 30.500000
30.500000 30.625000
30.625000 30.750000
30.750000 30.875000
30.875000 31.000000
31.000000 31.125000
31.125000 31.250000
31.250000 31.375000
31.375000 31.500000
31.500000 31.625000
31.625000 31.750000
31.750000 31.875000
31.875000 32.000000
32.000000 32.125000
32.125000 32.250000
32.250000 32.375000
32.375000 32.500000
32.500000 32.625000
32.625000 32.750000
32.750000 32.875000
32.875000 33.000000
33.000000 33.125000
33.125000 33.250000
33.250000 33.375000
33.375000 33.500000
33.500000 33.625000
33.625000 33.750000
33.750000 33.875000
33.875000 34.000000
34.000000 34.125000
34.125000 34.250000
34.250000 34.375000
34.375000 34.500000
34.500000 34.625000
34.625000 34.750000
34.750000 34.875000
34.875000 35.000000
35.000000 35.125000
35.125000 35.250000
35.250000 35.375000
35.375000 35.500000
35.500000 35.625000
35.625000 35.750000
35.750000 35.875000
35.875000 36.000000
36.000000 36.125000
36.125000 36.250000
36.250000 36.375000
36.375000 36.500000
36.500000 36.625000
36.625000 36.750000
36.750000 36.875000
36.875000 37.000000
37.000000 37.125000
37.125000 37.250000
37.250000 37.375000
37.375000 37.500000
37.500000 37.625000
37.625000 37.750000
37.750000 37.875000
37.875000 38.000000
38.000000 38.125000
38.125000 38.250000
38.250000 38.375000
38.375000 38.500000
38.500000 38.625000
38.625000 38.750000
38.750000 38.875000
38.875000 39.000000
39.000000 39.125000
39.125000 39.250000
39.250000 39.375000
39.375000 39.500000
39.500000 39.625000
39.625000 39.750000
39.750000 39.875000
39.875000 40.000000
40.000000 40.125000
40.125000 40.250000
40.250000 40.375000
40.375000 40.500000
40.500000 40.625000
40.625000 40.750000
40.750000 40.875000
40.875000 41.000000
41.000000 41.125000
41.125000 41.250000
41.250000 41.375000
41.375000 41.500000
41.500000 41.625000
41.625000 41.750000
41.750000 41.875000
41.875000 42.000000
42.000000 42.125000
42.125000 42.250000
42.250000 42.375000
42.375000 42.500000
42.500000 42.625000
42.625000 42.750000
42.750000 42.875000
42.875000 43.000000
43.000000 43.125000
43.125000 43.250000
43.250000 43.375000
43.375000 43.500000
43.500000 43.625000
43.625000 43.750000
43.750000 43.875000
43.875000 44.000000
44.000000 44.125000
44.125000 44.250000
44.250000 44.375000
44.375000 44.500000
44.500000 44.625000
44.625000 44.750000
44.750000 44.875000
44.875000 45.000000
45.000000 45.125000
45.125000 45.250000
45.250000 45.375000
45.375000 45.500000
45.500000 45.625000
45.625000 45.750000
45.750000 45.875000
45.875000 46.000000
46.000000 46.125000
46.125000 46.250000
46.250000 46.375000
46.375000 46.500000
46.500000 46.625000
46.625000 46.750000
46.750000 46.875000
46.875000 47.000000
47.000000 47.125000
47.125000 47.250000
47.250000 47.375000
47.375000 47.500000
47.500000 47.625000
47.625000 47.750000
47.750000 47.875000
47.875000 48.000000
48.000000 48.125000
48.125000 48.250000
48.250000 48.375000
48.375000 48.500000
48.500000 48.625000
48.625000 48.750000
48.750000 48.875000
48.875000 49.000000
49.000000 49.125000
49.125000 49.250000
49.250000 49.375000
49.375000 49.500000
49.500000 49.625000
49.625000 49.750000
49.750000 49.875000
49.875000 50.000000
50.000000 50.125000
50.125000 50.250000
50.250000 50.375000
50.375000 50.500000
50.500000 50.625000
50.625000 50.750000
50.750000 50.875000
50.875000 51.000000
51.000000 51.125000
51.125000 51.250000
51.250000 51.375000
51.375000 51.500000
51.500000 51.625000
51.625000 51.750000
51.750000 51.875000
51.875000 52.000000
52.000000 52.125000
52.125000 52.250000
52.250000 52.375000
52.375000 52.500000
52.500000 52.625000
52.625000 52.750000
52.750000 52.875000
52.875000 53.000000
53.000000 53.125000
53.125000 53.250000
53.250000 53.375000
53.375000 53.500000
53.500000 53.625000
53.625000 53.750000
53.750000 53.875000
53.875000 54.000000
54.000000 54.125000
54.125000 54.250000
54.250000 54.375000
54.375000 54.500000
54.500000 54.625000
54.625000 54.750000
54.750000 54.875000
54.875000 55.000000
55.000000 55.125000
55.125000 55.250000
55.250000 55.375000
55.375000 55.500000
55.500000 55.625000
55.625000 55.750000
55.750000 55.875000
55.875000 56.000000
56.000000 56.125000
56.125000 56.250000
56.250000 56.375000
56.375000 56.500000
56.500000 56.625000
56.625000 56.750000
56.750000 56.875000
56.875000 57.000000
57.000000 57.125000
57.125000 57.250000
57.250000 57.375000
57.375000 57.500000
57.500000 57.625000
57.625000 57.750000
57.750000 57.875000
57.875000 58.000000
58.000000 58.125000
58.125000 58.250000
58.250000 58.375000
58.375000 58.500000
58.500000 58.625000
